3191049
32893
3054270
1895925
693857
3166343
2858854
3120996
3140898
2515659
3128544
3154860
3127501
2738285
3042004
2197280
3100464
495271
1999455
2301115
2646685
2819983
2285124
2767161
2622911
2256157
1576369
2648206
2136718
652170
2671074
3056854
2058289
2905431
2646346
2868377
3141477
2653855
3181295
3175283
2050474
760387
2611103
2354485
3113227
2932939
3089046
2976361
2497232
2229330
2536947
2964186
2669796
2147538
1757121
2160885
1232772
1985827
1991874
2751346
2147070
2766680
1854504
3159491
2566062
2456050
2875994
2898042
1448233
2178377
495938
1743326
3011358
738804
443921
997989
2620490
3197556
2283063
3115529
2339102
2156724
3195082
2845813
1908269
2835115
3120524
2892912
3041459
2603526
2634028
2593197
2836765
1025580
2497430
3000613
3126270
2466443
2822590
1206391
1535522
2676106
2256215
2553698
2639898
3159287
2854738
2784562
1820395
3092015
2056618
743532
2708808
2769267
2356078
3194161
2967370
2995169
3193344
3111216
3083240
3197074
1782758
3061229
3141671
1112002
2706470
2804160
2333144
2937337
2674514
1816643
2492487
2623272
2240434
3191713
2998057
2270997
3086837
3056013
738014
3082960
2798557
3135960
3175159
1584081
3169698
2537285
2210227
1596230
2973556
